url_path,views_total,views_unique
/ANTsX/ANTs,1371,786
/ANTsX/ANTs/wiki/Compiling-ANTs-on-Linux-and-Mac-OS,419,221
/ANTsX/ANTs/releases,345,199
/ANTsX/ANTs/wiki/Anatomy-of-an-antsRegistration-call,265,160
/ANTsX/ANTs/blob/master/Scripts/newAntsExample.sh,248,89
/ANTsX/ANTs/blob/master/Scripts/antsRegistrationSyN.sh,199,77
/ANTsX/ANTs/wiki/ANTS-and-antsRegistration,174,125
/ANTsX/ANTs/tree/master/Scripts,170,60
"/ANTsX/ANTs/wiki/Forward-and-inverse-warps-for-warping-images,-pointsets-and-Jacobians",168,106
/ANTsX/ANTs/tree/master/ImageRegistration,164,75
