url_path,views_total,views_unique
/ANTsX/ANTs,1022,583
/ANTsX/ANTs/wiki/Compiling-ANTs-on-Linux-and-Mac-OS,519,260
/ANTsX/ANTs/releases,265,156
/ANTsX/ANTs/issues,223,49
/ANTsX/ANTs/wiki/Anatomy-of-an-antsRegistration-call,202,122
/ANTsX/ANTs/blob/master/Scripts/antsRegistrationSyN.sh,172,56
/ANTsX/ANTs/wiki/ANTS-and-antsRegistration,151,112
/ANTsX/ANTs/wiki/N4BiasFieldCorrection,151,90
/ANTsX/ANTs/tree/master/Scripts,149,41
/ANTsX/ANTs/tree/master/Examples,145,43
